d
-0.0916903195058847
-0.276385158692789
-1.67363048488309
-2.26880739451943
-1.05249124909738
0.0850763717588178
0.815382491784577
-0.0783645415958085
0.128256672651452
-0.937480249164265
0.359881146228788
0.419049030581217
0.0722427205413448
0.614107484864618
0.148796504186335
-1.22380996969315
-0.35294160306581
-1.78319687107847
-2.14578623942177
-2.40568127276442
-2.07836984335261
-0.799883908663413
-0.623918015752473
-1.01692816738137
-1.80922089072497
-3.0100601825797
-2.02486334537662
-0.132310393496647
0.388760981218947
0.184066919944429
0.469016246873934
0.367089914893647
1.73227445642869
2.26424644290844
1.89783211418029
1.1116529279393
0.920749626298909
2.28283274716503
3.25174880532283
2.24398520786922
1.6902805348379
1.5997951428527
1.93496965643609
1.28799068297972
2.11170219331364
1.9798706284134
2.02915134599271
1.44523944845646
0.578882762567065
0.047074393556658
