 1870 -0.94 -0.80 -0.25 -0.76 -0.91 -0.49 -0.75 -1.07 -0.26 -0.26  0.03  0.23
 1871  0.39 -0.28  0.52 -0.16 -0.22 -0.45 -0.46 -0.39 -0.33 -0.12 -0.12 -0.69
 1872 -1.50 -0.94 -0.99 -0.35 -1.05 -1.18 -1.15 -1.05 -2.06 -1.44 -1.90 -1.68
 1873 -1.44 -1.17 -1.53 -1.32 -0.98  0.71  0.23  0.00  0.86  0.38 -0.21 -0.91
 1874 -0.83 -0.49 -0.75 -1.06 -1.23  0.11 -0.57 -1.09 -1.63 -1.76 -0.93 -1.12
 1875 -0.61 -0.16  0.01 -1.16 -1.17 -1.44 -0.29 -0.48 -0.91 -0.92  0.45 -0.08
 1876 -0.95 -1.21 -0.72 -1.24 -1.15 -0.94  0.13 -0.58 -0.37  0.54  0.33  0.37
 1877  0.61  1.01  0.83  1.96  1.67  2.42  1.76  1.63  2.10  1.96  1.75  2.02
 1878  1.73  2.57  1.69  1.27  0.81  1.11 -0.36 -0.57 -0.91 -0.75 -1.03 -1.20
 1879 -0.80 -0.79 -0.65 -0.80 -0.61 -1.12 -1.46 -1.48 -1.31 -1.26 -0.94 -0.15
 1880 -0.98 -0.79 -0.97 -0.68 -1.07 -0.76 -0.35 -0.73 -0.26 -0.15 -0.23  0.30
 1881  0.56  0.48  0.25  0.28  0.58  0.56  0.19  0.53  0.50  0.98 -0.52 -0.46
 1882  0.13 -0.19 -0.50  0.20  0.03  0.33  0.71  1.02  0.42 -0.15 -0.57 -0.81
 1883 -0.40 -0.64  0.92 -0.70 -0.92 -0.17  0.63 -0.03  0.36 -0.40 -0.17  0.80
 1884  0.59  0.31 -0.32  0.91  0.40 -0.35  0.53  0.45  0.55  0.01  0.31  0.92
 1885  0.87  0.15 -0.03  0.02  0.46  0.89  0.45  0.78  0.66  1.34  1.19  0.36
 1886  0.23 -0.05 -0.09 -0.39 -0.84 -0.83 -0.95 -1.34 -1.33 -1.27 -1.11 -1.38
 1887 -0.83 -1.09 -1.17 -1.27 -0.53 -0.56 -0.52 -0.58 -0.34 -0.30  0.35 -0.08
 1888  0.25  0.57  0.90  1.39  1.12  1.17  1.39  1.20  0.93  1.61  1.86  1.08
 1889  2.31  0.98  1.89  0.47  0.52 -0.66 -0.52 -0.73 -1.02 -0.90 -1.47 -1.67
 1890 -2.20 -1.79 -1.34 -1.14 -0.88 -0.82 -0.46 -0.81 -1.21 -0.82 -0.62 -0.29
 1891 -0.87  0.10  0.46 -0.04  0.07  0.44  0.53  0.60  0.56 -0.03  0.29  0.34
 1892 -0.31  0.37 -0.81 -0.81 -1.21 -1.16 -0.69 -0.65 -0.64 -1.30 -0.39 -0.69
 1893 -0.99 -1.01 -0.96 -1.53 -1.90 -1.68 -1.78 -1.21 -1.35 -1.10 -1.07 -0.24
 1894 -1.46 -1.18 -1.03 -1.09 -0.29 -0.64 -0.76  0.06 -0.55 -0.62 -0.02 -0.23
 1895 -0.58 -0.60 -0.14 -0.54 -0.26  0.33  0.32  0.75  0.63  0.59  0.48  0.76
 1896  0.09 -0.14  0.48  0.53  1.70  0.92  1.18  1.94  1.70  1.61  1.44  1.63
 1897  1.44  1.12  1.21  0.65  0.77  0.14  0.32 -0.03 -0.06 -0.37  0.18 -0.63
 1898 -0.51 -0.58 -1.32 -0.91 -0.31  0.02 -0.64 -0.86 -0.44 -0.34 -0.31 -0.55
 1899 -0.92 -0.87 -0.91 -0.37  0.55  0.66  0.41  1.02  0.49  0.21 -0.13  1.03
 1900  1.17  1.14  1.89  1.43  0.98 -0.28  0.32  0.26  1.24  1.26  0.47  0.69
 1901  0.51  0.07 -0.28 -0.25 -0.07 -0.90 -0.76 -0.61  0.63  1.08  0.28  0.02
 1902 -0.95 -0.02 -0.60 -0.16 -0.24  0.69  1.25  1.40  1.92  1.20  0.95  0.97
 1903  1.21  1.13 -0.12 -0.40 -0.42  0.44 -0.50 -0.14 -0.69 -0.38 -0.34 -1.23
 1904 -0.95 -1.25 -0.92 -1.86 -0.70  0.55  1.19  0.46  0.11  0.61  0.99  0.41
 1905  0.86  1.37  2.07  1.47  1.93  1.38  1.83  1.21  1.41  1.07  1.34  1.38
 1906  0.69  0.85  0.82  0.79  0.69  0.46 -0.54 -0.89 -1.27 -0.88 -1.09 -0.35
 1907 -0.50 -0.12 -0.14 -0.07  0.02 -0.42 -0.24  0.02  0.22  0.06  0.18 -0.29
 1908  0.32 -0.39 -0.25 -0.75 -0.33  0.12 -1.00 -0.36 -1.04 -0.62 -0.48 -0.21
 1909  0.02 -0.32 -0.29  0.18 -0.19 -1.75 -1.14 -1.09 -0.51 -0.82 -1.12 -0.70
 1910 -0.71 -1.11 -1.02 -1.04 -1.10 -1.66 -1.50 -1.05 -1.47 -1.03 -1.10 -1.04
 1911 -0.38 -0.35 -0.63 -0.87 -0.38  0.06  0.57  0.44  0.66  0.73  0.86  0.66
 1912  1.33  1.43  0.97  1.43  0.69  0.21  0.12  0.15  0.35  0.39  0.05  0.26
 1913  0.11  0.43  0.14 -0.25  0.16  0.16  0.11  0.37  0.58  0.50  1.05  0.90
 1914  0.72  0.38 -0.09  1.53  0.78  1.05  1.06  1.53  1.25  0.50  0.40  0.32
 1915  1.67  0.69  1.37  1.05 -0.07  0.16 -0.94 -0.53 -0.41 -0.28  0.82 -0.51
 1916 -0.26 -0.09 -0.01 -0.44 -0.22 -0.47 -1.91 -1.75 -1.03 -0.97 -1.25 -1.53
 1917 -0.98 -1.21 -1.15 -1.10 -1.34 -0.75 -1.17 -1.44 -1.24 -0.67 -1.14 -1.42
 1918 -1.03 -1.29 -0.48 -1.14 -0.56  0.69  0.75  0.40  0.78  0.86  0.66  1.18
 1919  1.58  1.35  1.29  0.82  1.18  1.12  0.91  0.88  0.73  0.68  0.43  0.74
 1920  0.30  0.51  0.65 -0.01  0.17  0.22 -0.12 -0.07  0.07  0.63  0.09 -0.41
 1921 -0.25 -0.59 -1.39  0.11 -0.62 -1.46 -0.18  0.21 -0.23 -0.42 -0.90 -0.57
 1922 -0.58 -0.44 -0.10 -0.11  0.75 -0.44 -0.28 -0.42 -0.36 -0.39 -0.51 -0.77
 1923 -0.42 -0.63 -0.89 -0.67 -0.03  0.02  0.53  1.13  1.23  0.82  1.18  0.52
 1924  0.58  0.38  0.27  0.80 -1.18 -0.76 -0.98 -0.95 -0.84 -0.56 -1.05 -0.50
 1925 -0.73 -0.90 -0.94 -0.90 -0.03  0.21  1.19  1.08  0.94  1.22  1.02  1.29
 1926  1.11  1.57  1.52  1.22  0.99  0.98  0.73  0.55  0.00 -0.33 -0.16 -0.33
 1927 -0.13  0.13 -0.82 -0.41 -0.67 -0.34 -0.15  0.29  0.02  0.43  0.45 -0.16
 1928  0.77 -0.35 -0.69 -0.62  0.13  0.26  0.21 -0.55 -0.33 -0.42 -0.17 -0.52
 1929 -0.79 -0.90 -0.23 -0.25  0.59  0.18  0.07  0.18  0.34 -0.12 -0.34  0.14
 1930 -0.34 -0.11  0.22  0.57 -0.16  0.62  0.88  0.70  1.33  0.48  0.80  0.90
 1931  0.54  1.62  0.68  0.50 -0.19 -0.23  0.05  0.36 -0.35  0.35  0.07 -0.46
 1932 -0.27  0.07  0.49  1.33  0.33  0.34  0.79  0.49  0.52  0.35  0.31 -0.27
 1933  0.45 -0.22  0.03 -0.07 -0.58 -0.43 -0.54 -0.57 -0.51 -0.72 -0.79 -0.94
 1934 -0.72 -0.49 -0.59 -0.51  0.10 -0.58 -0.31  0.88  0.03 -0.32 -0.63  0.10
 1935 -0.40  0.18 -0.64 -0.31 -0.11 -0.11 -0.33  0.07 -0.12 -0.10  0.02  0.28
 1936  0.56  0.31  0.02 -0.70 -0.01 -0.08 -0.30  0.24 -0.08  0.30  0.77  0.40
 1937 -0.53  0.48 -0.01  0.21 -0.34 -0.24  0.50 -0.21  0.20  0.13  0.37 -0.13
 1938 -0.39  0.03  0.21  0.03 -0.71 -1.35 -1.48 -1.13 -0.41 -1.07 -0.30 -1.01
 1939 -1.06 -0.90 -1.01 -0.55 -0.03  0.26 -0.01  0.12  0.85  0.53  0.67  0.57
 1940  0.69  1.11  1.40  1.12  1.12  1.42  1.04  1.53  1.04  1.05  0.77  2.32
 1941  1.25  1.61  1.55  1.68  1.65  1.51  1.69  1.60  0.96  1.67  1.18  1.20
 1942  1.02  0.58  0.53  0.78 -0.03 -0.63 -0.22 -0.81 -1.08 -1.10 -0.44 -1.25
 1943 -0.97 -1.18 -0.86 -1.00 -0.29  0.38 -0.03 -0.25 -0.31 -0.63 -0.34  0.32
 1944  0.23 -0.06 -0.29  0.39  0.24  0.33  0.63 -0.04 -0.22  0.36  0.26 -0.24
 1945 -0.33 -0.55 -1.04 -0.28 -0.28 -0.70 -0.51 -1.08 -0.85 -0.60  0.02 -0.52
 1946 -0.05 -0.28 -0.07  0.07  0.42  0.68  0.66 -0.06  0.71  0.66  0.05  0.40
 1947  0.52  0.21 -0.21  0.25  0.27  0.10 -0.60 -0.54 -1.14 -0.31 -0.73 -0.07
 1948  0.26  0.43  0.72  0.21  0.24  0.41  0.08  0.25  0.45 -0.64 -0.21  0.58
 1949  0.18  0.13 -0.55  0.15  0.43  0.00 -0.06  0.08 -0.42 -0.59 -0.29 -0.91
 1950 -0.74 -1.70 -1.43 -1.29 -1.22 -1.69 -1.69 -0.96 -0.95 -1.27 -1.12 -1.61
 1951 -1.13 -0.69 -0.24  0.33  0.71  0.19  1.33  1.01  1.10  1.15  0.91  0.83
 1952  0.64  0.56  0.07  0.71 -0.50 -0.74 -0.54 -0.12 -0.03 -0.06 -0.02  0.41
 1953  0.18  0.51  0.50  0.81  1.78  0.62  0.36  0.90  1.19  0.16  0.37  0.41
 1954  0.00  0.40  0.17 -0.31 -0.34 -0.44 -0.81 -1.16 -0.68 -0.57 -0.67 -0.96
 1955 -0.01 -1.14 -0.58 -0.40 -1.30 -1.49 -1.72 -1.27 -1.46 -1.64 -1.65 -1.15
 1956 -1.10 -1.14 -0.98 -0.95 -1.04 -1.06 -1.13 -1.06 -0.56 -1.30 -0.56 -0.70
 1957 -0.44  0.04  0.24  0.43  1.10  0.68  0.65  1.08  0.94  0.50  1.20  0.86
 1958  1.67  1.24  0.87  0.35  1.16  0.46  0.10 -0.13  0.05  0.26  0.36  0.59
 1959  0.68  1.07 -0.09  0.20  0.08  0.13  0.17  0.03 -0.26 -0.08 -0.50 -0.34
 1960  0.07 -0.02 -0.21 -0.19  0.07  0.07 -0.25 -0.22 -0.18  0.07 -0.47 -0.23
 1961  0.15 -0.27  0.95 -0.23  0.05  0.36 -0.16 -0.08 -0.30 -0.06 -0.41 -0.70
 1962 -0.83  0.11 -0.13 -0.28 -0.76 -0.21 -0.05 -0.20 -0.53 -0.63 -0.33 -0.15
 1963 -0.47 -0.29 -0.27 -0.14  0.09  0.63  0.81  0.88  0.83  1.19  0.86  1.21
 1964  0.67  0.40 -0.36 -1.00 -0.45 -0.91 -0.64 -1.13 -1.15 -1.17 -0.52 -0.27
 1965 -0.03 -0.22 -0.30  0.52  0.31  1.03  1.90  1.55  1.63  1.54  1.91  0.79
 1966  1.22  0.78  1.31  0.89  0.43  0.18  0.44 -0.13  0.18  0.14 -0.07  0.20
 1967 -0.91 -0.95 -0.55 -0.29  0.15 -0.23  0.02 -0.40 -0.50 -0.12  0.14  0.24
 1968 -0.47 -0.82 -0.27 -0.19 -0.81 -0.16  0.08  0.35  0.30  0.37  0.65  0.39
 1969  1.11  1.06  0.48  0.71  0.87  0.40  0.59  0.72  0.94  1.04  0.50  0.29
 1970  0.87  0.83  0.20  0.46  0.15 -0.51 -0.36 -0.81 -0.98 -0.71 -1.31 -1.36
 1971 -0.83 -1.50 -1.66 -1.69 -1.00 -0.67 -0.42 -1.10 -1.13 -1.26 -0.69 -0.47
 1972 -0.41 -0.47 -0.20  0.44  1.56  1.23  1.70  1.47  1.60  1.59  1.18  1.84
 1973  1.06  1.39  0.46  0.17 -0.45 -1.07 -1.05 -1.40 -1.46 -1.33 -2.46 -1.89
 1974 -1.96 -1.66 -1.82 -1.23 -1.18 -0.58 -0.93 -0.47 -0.70 -0.78 -0.26 -0.43
 1975  0.11 -0.43 -0.84 -0.95 -0.96 -1.58 -1.83 -1.76 -1.90 -1.66 -1.36 -1.74
 1976 -1.42 -1.24 -0.97 -0.35 -0.57  0.14  0.86  0.89  1.08  0.45  0.11  0.60
 1977  0.65 -0.01  0.78  0.33  0.72  1.20  1.23  0.85  0.86  1.20  1.33  1.18
 1978  0.63  1.64  0.40  0.11 -1.00 -0.43 -0.45 -0.48 -0.34  0.16  0.07  0.18
 1979  0.26 -0.25  0.32  0.47 -0.18 -0.08 -0.66  0.48  0.37  0.37  0.50  0.81
 1980  0.21  0.21  0.52  0.86  0.44  0.64  0.26 -0.12  0.26  0.11  0.31  0.33
 1981 -0.31 -0.03  0.82  0.18 -0.35 -0.47 -0.58 -0.29 -0.19  0.32 -0.15 -0.11
 1982 -0.36 -0.06  0.00  0.47  1.05  1.74  1.57  1.90  2.04  2.22  2.69  2.38
 1983  2.76  3.08  2.50  1.57  0.66  0.82  0.39  0.09 -0.67 -0.77 -0.53 -0.37
 1984 -0.37 -0.54  0.02 -0.56 -0.39 -0.28 -0.20 -0.31 -0.21 -0.20 -0.66 -0.62
 1985 -0.19 -0.95 -0.72 -1.08 -0.50 -0.11 -0.22 -0.64 -0.29 -0.01 -0.02 -0.21
 1986 -0.73  0.26 -0.29 -0.29  0.05 -0.31  0.20  0.59  0.76  0.30  1.35  1.31
 1987  0.99  1.42  1.71  1.84  1.97  2.08  2.10  1.87  1.68  1.14  0.74  0.90
 1988  0.54  0.54  0.18 -0.31 -1.30 -1.11 -1.61 -1.64 -1.71 -1.86 -2.06 -1.47
 1989 -1.55 -1.23 -1.14 -1.66 -1.26 -0.74 -0.64 -0.04 -0.40 -0.51  0.06  0.27
 1990  0.15  1.12  0.61  0.32 -0.29  0.12  0.03  0.47  0.55  0.17  0.40  0.40
 1991  0.12  0.23  0.64  0.86  1.37  0.94  0.71  0.82  1.02  1.28  1.00  1.82
 1992  2.12  1.51  2.22  2.05  1.19  1.18  0.69 -0.08 -0.02  0.75  0.36  0.41
 1993  0.59  0.74  0.81  1.71  1.20  1.39  0.94  0.92  0.65  0.96  0.24  0.12
 1994  0.16 -0.07  0.52  1.10  0.89  0.83  1.11  1.33  1.18  1.29  1.02  1.33
 1995  0.84  0.70  0.44  0.96  0.63  0.28 -0.00 -0.20 -0.42 -0.26 -0.38  0.01
 1996 -0.66 -0.39 -0.52 -0.53 -0.48 -0.54 -0.26 -0.35 -0.44 -0.28 -0.03 -0.48
 1997 -0.30 -0.75  0.42  0.97  2.10  2.11  1.89  2.48  2.27  2.15  1.92  1.74
 1998  2.73  2.61  2.46  1.55  0.63 -0.95 -1.50 -1.44 -1.23 -1.28 -1.28 -1.52
 1999 -1.70 -1.22 -1.04 -1.22 -0.64 -0.82 -0.78 -0.95 -0.54 -1.03 -1.30 -1.49
 2000 -1.26 -1.75 -1.20 -1.01 -0.58 -0.27 -0.07 -0.44 -0.72 -0.90 -1.40 -0.78
 2001 -0.87 -1.15 -0.46 -0.09  0.36  0.13  0.44  0.51 -0.08  0.14 -0.40  0.41
 2002 -0.15 -0.33  0.44  0.40  1.06  0.99  1.12  1.45  1.21  1.15  1.20  1.48
 2003  0.85  1.07  0.83  0.30  0.08  0.32  0.23  0.17  0.31  0.44  0.46 -0.28
 2004  0.88 -0.48  0.00  0.65 -0.12  0.61  0.89  0.90  0.82  0.56  0.85  0.95
 2005  0.20  2.23  0.33  0.72  1.08  0.39  0.35  0.40 -0.14 -0.47  0.04 -0.20
 2006 -1.22 -0.31 -1.00 -0.39  0.63  0.48  0.64  1.02  0.86  1.26  0.57  0.90
 2007  0.88  0.30  0.15  0.26  0.15 -0.07  0.06 -0.48 -0.63 -1.14 -1.23 -1.60
 2008 -1.75 -2.52 -1.24 -0.93 -0.27 -0.46  0.02 -0.35 -0.80 -0.82 -0.89 -1.07
 2009 -1.32 -1.95 -0.30 -0.54  0.68  0.64  0.63  1.02  0.35  1.83  1.51  1.73
 2010  1.62  1.94  1.21 -0.14 -0.76 -0.69 -2.17 -2.33 -2.76 -2.35 -1.83 -2.99
 2011 -2.46 -3.07 -2.34 -1.69 -0.53 -0.23 -0.81 -0.77 -1.20 -1.13 -1.40 -2.37
 2012 -1.30 -0.84 -0.85 -0.08  0.06  0.56  0.62  0.67  0.24 -0.05  0.03  0.46
 2013 -0.13 -0.04 -1.11 -0.13 -0.74 -0.78 -0.70 -0.32 -0.18 -0.14 -0.54 -0.01
 2014 -1.26 -0.37  0.54 -0.17  0.09  0.37  0.42  0.70  0.97  0.76  1.24  0.87
 2015  0.94  0.14  0.91  0.83  1.69  1.53  2.34  2.60  2.92  2.77  1.99  1.91
 2016  2.96  3.05  1.23  1.78  0.07 -0.40 -0.56 -0.93 -1.25 -0.25 -0.14 -0.39
 2017 -0.26  0.11 -0.51  0.48  0.34  0.79 -0.14 -0.51 -0.66 -0.96 -1.15 -0.25
 2018 -1.12 -0.13 -1.45 -0.49 -0.26  0.31  0.20  0.45  1.07  0.24  0.62 -0.23
 2019  0.36  1.58  0.92  0.72  1.15  0.83  0.80  0.22  0.99 -9.99 -9.99 -9.99
